<UBX-CFG-OTP>
B5 62 06 41 0C 00 00 00 03 1F CC 56 28 FF FF 76 73 FF A5 F4

<UBX-CFG-ESFLA>
B5 62 06 2F 2C 00 00 05 00 00 00 00 E1 00 00 00 5A 00 01 00 CC 00 00 00 55 00 02 00 14 00 00 00 05 00 03 00 34 FF 00 00 AB FF 04 00 00 00 00 00 00 00 C2 86

<UBX-CFG-ESFALG>
B5 62 06 56 0C 00 00 01 00 00 00 00 00 00 00 00 00 00 69 1D

<UBX-CFG-ESFWT>
B5 62 06 82 20 00 00 40 00 00 00 00 00 00 00 00 00 00 01 00 00 00 00 00 00 10 00 00 00 00 00 00 00 00 00 00 00 00 F9 82

<UBX-CFG-CFG>
B5 62 06 09 0D 00 00 00 00 00 FF FF 00 00 00 00 00 00 03 1D AB
